[73316.995677] [Project1] 9313 1588136904.042408908 1588136904.987902193
[73318.874713] [Project1] 9314 1588136905.920321535 1588136906.866942784
[73320.792343] [Project1] 9315 1588136907.823339530 1588136908.784577501
[73322.631405] [Project1] 9316 1588136909.708808841 1588136910.623644673
[73324.566033] [Project1] 9317 1588136911.579107149 1588136912.558278229
[73326.399350] [Project1] 9318 1588136913.449019815 1588136914.391600017
[73328.245405] [Project1] 9319 1588136915.291697278 1588136916.237659457
[73330.122941] [Project1] 9320 1588136917.144185547 1588136918.115199602
[73332.050226] [Project1] 9321 1588136919.004103151 1588136920.042490015
[73333.858967] [Project1] 9322 1588136920.920708525 1588136921.851236228
